5.968668e+00 1 0.000395
2.680951e+00 2 0.001497
1.858127e+00 3 0.002424
1.438094e+00 4 0.003325
1.177672e+00 5 0.004260
9.984930e-01 6 0.005355
8.669683e-01 7 0.006334
7.661267e-01 8 0.006968
6.863293e-01 9 0.007726
6.216069e-01 10 0.008669
5.680259e-01 11 0.009717
5.228785e-01 12 0.010529
4.842424e-01 13 0.011270
4.507219e-01 14 0.011633
4.212855e-01 15 0.011965
3.951593e-01 16 0.012355
3.717545e-01 17 0.012656
3.506170e-01 18 0.012966
3.313923e-01 19 0.013292
3.137999e-01 20 0.013898
2.976152e-01 21 0.014198
2.826558e-01 22 0.014494
2.687722e-01 23 0.014817
2.558406e-01 24 0.015103
2.437571e-01 25 0.015402
2.324339e-01 26 0.015698
2.217965e-01 27 0.015997
2.117806e-01 28 0.016292
2.023307e-01 29 0.016594
1.933988e-01 30 0.016891
1.849427e-01 31 0.017187
1.769253e-01 32 0.017466
1.693139e-01 33 0.017776
1.620796e-01 34 0.018074
1.551963e-01 35 0.018389
1.486410e-01 36 0.018665
1.423927e-01 37 0.018964
1.364326e-01 38 0.019257
1.307436e-01 39 0.019518
1.253101e-01 40 0.019806
1.201180e-01 41 0.020252
1.151542e-01 42 0.020701
1.104066e-01 43 0.021194
1.058642e-01 44 0.021684
1.015166e-01 45 0.022181
9.735435e-02 46 0.022754
9.336843e-02 47 0.023211
8.955053e-02 48 0.023628
8.589283e-02 49 0.023964
8.238798e-02 50 0.024438
7.902907e-02 51 0.024887
7.580956e-02 52 0.025349
7.272330e-02 53 0.025807
6.976445e-02 54 0.026277
6.692747e-02 55 0.026744
6.420712e-02 56 0.027249
6.159841e-02 57 0.027646
5.909658e-02 58 0.028109
5.669714e-02 59 0.028647
5.439575e-02 60 0.029046
5.218833e-02 61 0.029578
5.007094e-02 62 0.030216
4.803985e-02 63 0.030604
4.609148e-02 64 0.031170
4.422241e-02 65 0.031725
4.242936e-02 66 0.032532
4.070921e-02 67 0.033007
3.905897e-02 68 0.033778
3.747576e-02 69 0.034334
3.595685e-02 70 0.035067
3.449960e-02 71 0.035524
3.310150e-02 72 0.036277
3.176012e-02 73 0.036617
3.047316e-02 74 0.036910
2.923841e-02 75 0.037213
2.805373e-02 76 0.037488
2.691708e-02 77 0.037945
2.582652e-02 78 0.038468
2.478017e-02 79 0.038941
2.377624e-02 80 0.039403
2.281300e-02 81 0.039910
2.188879e-02 82 0.040410
2.100205e-02 83 0.041167
2.015123e-02 84 0.041486
1.933489e-02 85 0.041823
1.855164e-02 86 0.042156
1.780011e-02 87 0.042438
1.707904e-02 88 0.042717
1.638719e-02 89 0.043047
1.572336e-02 90 0.043338
1.508643e-02 91 0.043640
1.447530e-02 92 0.043919
1.388893e-02 93 0.044209
1.332631e-02 94 0.044491
1.278649e-02 95 0.044885
1.226854e-02 96 0.045191
1.177157e-02 97 0.045493
1.129473e-02 98 0.045791
1.083721e-02 99 0.046262
1.039822e-02 100 0.046773
9.977011e-03 101 0.047263
9.572868e-03 102 0.047758
9.185096e-03 103 0.048256
8.813033e-03 104 0.048566
8.456040e-03 105 0.048874
8.113509e-03 106 0.049377
7.784854e-03 107 0.049694
7.469511e-03 108 0.050061
7.166942e-03 109 0.050349
6.876629e-03 110 0.050730
6.598077e-03 111 0.051037
6.330807e-03 112 0.051348
6.074365e-03 113 0.051683
5.828310e-03 114 0.051983
5.592222e-03 115 0.052299
5.365697e-03 116 0.052547
5.148348e-03 117 0.052841
4.939804e-03 118 0.053066
4.739707e-03 119 0.053367
4.547715e-03 120 0.053664
4.363501e-03 121 0.053881
4.186748e-03 122 0.057383
4.017155e-03 123 0.057701
3.854432e-03 124 0.058008
3.698300e-03 125 0.058312
3.548493e-03 126 0.059635
3.404754e-03 127 0.059983
3.266838e-03 128 0.060271
3.134508e-03 129 0.060547
3.007538e-03 130 0.061576
2.885712e-03 131 0.061978
2.768820e-03 132 0.062491
2.656663e-03 133 0.063009
2.549050e-03 134 0.063813
2.445795e-03 135 0.064336
2.346723e-03 136 0.064812
2.251665e-03 137 0.065321
2.160456e-03 138 0.065878
2.072943e-03 139 0.066697
1.988974e-03 140 0.067232
1.908407e-03 141 0.067748
1.831103e-03 142 0.068551
1.756930e-03 143 0.069026
1.685762e-03 144 0.069541
1.617477e-03 145 0.070054
1.551958e-03 146 0.070570
1.489093e-03 147 0.071098
1.428774e-03 148 0.072002
1.370898e-03 149 0.072791
1.315367e-03 150 0.073556
1.262086e-03 151 0.076108
1.210962e-03 152 0.077005
1.161910e-03 153 0.077766
1.114844e-03 154 0.078630
1.069685e-03 155 0.079545
1.026356e-03 156 0.080519
9.847810e-04 157 0.081552
9.448905e-04 158 0.082484
9.066158e-04 159 0.084906
8.698915e-04 160 0.085832
8.346547e-04 161 0.086501
8.008454e-04 162 0.087401
7.684055e-04 163 0.088360
7.372797e-04 164 0.089401
7.074147e-04 165 0.090342
6.787594e-04 166 0.091328
6.512649e-04 167 0.092300
6.248841e-04 168 0.093330
5.995719e-04 169 0.094190
5.752850e-04 170 0.094603
5.519819e-04 171 0.095055
5.296228e-04 172 0.095752
5.081693e-04 173 0.096161
4.875849e-04 174 0.096854
4.678343e-04 175 0.097283
4.488837e-04 176 0.098000
4.307008e-04 177 0.098653
4.132544e-04 178 0.099522
3.965147e-04 179 0.100368
3.804530e-04 180 0.101323
3.650420e-04 181 0.102313
3.502552e-04 182 0.103294
3.360674e-04 183 0.104296
3.224543e-04 184 0.105248
3.093927e-04 185 0.106125
2.968601e-04 186 0.107203
2.848352e-04 187 0.108184
2.732974e-04 188 0.109147
2.622269e-04 189 0.110106
2.516049e-04 190 0.111067
2.414131e-04 191 0.112059
2.316342e-04 192 0.113025
2.222514e-04 193 0.114004
2.132486e-04 194 0.114964
2.046106e-04 195 0.115943
1.963224e-04 196 0.116964
1.883699e-04 197 0.117969
1.807396e-04 198 0.118929
1.734184e-04 199 0.120527
1.663938e-04 200 0.121589
1.596536e-04 201 0.122523
1.531865e-04 202 0.123475
1.469814e-04 203 0.124492
1.410276e-04 204 0.125453
1.353150e-04 205 0.126391
1.298338e-04 206 0.127326
1.245746e-04 207 0.128273
1.195285e-04 208 0.129199
1.146867e-04 209 0.130154
1.100411e-04 210 0.131126
1.055837e-04 211 0.132099
1.013068e-04 212 0.133001
9.720316e-05 213 0.133629
9.326575e-05 214 0.134161
8.948783e-05 215 0.134515
8.586295e-05 216 0.134855
8.238490e-05 217 0.135143
7.904773e-05 218 0.135446
7.584574e-05 219 0.135737
7.277345e-05 220 0.136056
6.982562e-05 221 0.136381
6.699719e-05 222 0.136928
6.428333e-05 223 0.138080
6.167941e-05 224 0.138508
5.918096e-05 225 0.138816
5.678371e-05 226 0.139171
5.448357e-05 227 0.139459
5.227661e-05 228 0.139755
5.015904e-05 229 0.140052
4.812724e-05 230 0.140376
4.617775e-05 231 0.140660
4.430723e-05 232 0.140953
4.251247e-05 233 0.141348
4.079042e-05 234 0.141736
3.913812e-05 235 0.142626
3.755275e-05 236 0.143594
3.603160e-05 237 0.144436
3.457207e-05 238 0.145262
3.317166e-05 239 0.145850
3.182797e-05 240 0.146383
3.053872e-05 241 0.146922
2.930168e-05 242 0.147467
2.811476e-05 243 0.148027
2.697591e-05 244 0.148595
2.588320e-05 245 0.149410
2.483475e-05 246 0.150258
2.382877e-05 247 0.151403
2.286353e-05 248 0.152685
2.193740e-05 249 0.153597
2.104878e-05 250 0.154544
2.042058e-05 251 0.155520
1.944745e-05 252 0.156699
1.863909e-05 253 0.157379
1.787539e-05 254 0.158402
1.714599e-05 255 0.159266
1.644761e-05 256 0.160123
1.577837e-05 257 0.161038
1.513681e-05 258 0.161920
1.452168e-05 259 0.162825
1.393180e-05 260 0.163576
1.336609e-05 261 0.164368
1.282352e-05 262 0.165229
1.230311e-05 263 0.165910
1.180393e-05 264 0.166699
1.132511e-05 265 0.167557
1.086578e-05 266 0.168287
1.042516e-05 267 0.169138
1.000245e-05 268 0.169850
9.596938e-06 269 0.170661
9.207902e-06 270 0.171400
8.834671e-06 271 0.172182
8.476596e-06 272 0.172854
8.133058e-06 273 0.173447
7.803464e-06 274 0.174010
7.487243e-06 275 0.174585
7.183851e-06 276 0.175152
6.892765e-06 277 0.175793
6.613484e-06 278 0.176353
6.345528e-06 279 0.177268
6.088435e-06 280 0.178285
6.726812e-06 281 0.180406
5.890273e-06 282 0.181571
5.557626e-06 283 0.182229
5.295867e-06 284 0.187523
5.062885e-06 285 0.188042
4.847432e-06 286 0.188467
4.644881e-06 287 0.188924
4.452851e-06 288 0.189369
4.269949e-06 289 0.189835
4.095269e-06 290 0.190303
3.928175e-06 291 0.190770
3.768178e-06 292 0.191222
3.614883e-06 293 0.191686
3.467950e-06 294 0.192161
3.327078e-06 295 0.192654
3.191993e-06 296 0.193091
3.062441e-06 297 0.193556
2.938184e-06 298 0.194003
2.818997e-06 299 0.194508
2.704667e-06 300 0.195023
2.594993e-06 301 0.195410
2.489781e-06 302 0.195798
2.388846e-06 303 0.196199
2.292014e-06 304 0.196642
2.199114e-06 305 0.197099
2.109987e-06 306 0.197555
2.024478e-06 307 0.198064
1.942439e-06 308 0.198613
1.863728e-06 309 0.199604
1.788210e-06 310 0.200853
1.715755e-06 311 0.201923
1.646238e-06 312 0.202989
1.579540e-06 313 0.204053
1.515545e-06 314 0.205123
1.454145e-06 315 0.206336
1.395233e-06 316 0.207376
1.338709e-06 317 0.208436
1.284476e-06 318 0.209512
1.232441e-06 319 0.210600
1.182514e-06 320 0.211665
1.134610e-06 321 0.212718
1.088647e-06 322 0.213772
1.044547e-06 323 0.214940
1.002233e-06 324 0.215510
9.616339e-07 325 0.216445
9.226794e-07 326 0.217363
8.853030e-07 327 0.218393
8.494409e-07 328 0.219673
8.150317e-07 329 0.220807
7.820164e-07 330 0.221813
7.503385e-07 331 0.222279
7.199440e-07 332 0.222748
6.907807e-07 333 0.223220
6.627988e-07 334 0.223691
6.359505e-07 335 0.224165
6.101897e-07 336 0.224633
5.854725e-07 337 0.225101
5.617565e-07 338 0.225575
5.390013e-07 339 0.226041
5.171678e-07 340 0.226500
3.240370e-06 341 0.228636
1.518120e-06 342 0.231319
1.092857e-06 343 0.234289
9.142461e-07 344 0.236079
8.098371e-07 345 0.237561
7.330899e-07 346 0.238030
6.699682e-07 347 0.238480
6.154926e-07 348 0.238932
5.674836e-07 349 0.239407
5.247452e-07 350 0.239916
4.864838e-07 351 0.240445
4.521011e-07 352 0.240952
4.211128e-07 353 0.241465
3.931112e-07 354 0.241972
3.677457e-07 355 0.242451
3.447119e-07 356 0.242969
3.237436e-07 357 0.243446
3.046070e-07 358 0.243896
2.870969e-07 359 0.244363
2.710328e-07 360 0.244856
2.562559e-07 361 0.245384
2.426265e-07 362 0.245853
2.300220e-07 363 0.246333
2.183347e-07 364 0.246833
2.074698e-07 365 0.247332
1.973441e-07 366 0.247791
1.878848e-07 367 0.248378
1.790276e-07 368 0.248837
1.707162e-07 369 0.249318
1.629011e-07 370 0.249818
1.555384e-07 371 0.250287
1.485897e-07 372 0.250787
1.420210e-07 373 0.251265
1.358021e-07 374 0.251750
1.299062e-07 375 0.254572
1.243095e-07 376 0.255305
1.189908e-07 377 0.256194
1.139309e-07 378 0.256717
1.091128e-07 379 0.257248
1.045211e-07 380 0.257756
1.001419e-07 381 0.258182
9.596245e-08 382 0.258683
9.197126e-08 383 0.259185
8.815778e-08 384 0.259715
8.451236e-08 385 0.260187
8.102610e-08 386 0.260811
7.769078e-08 387 0.261297
7.449879e-08 388 0.261806
7.144305e-08 389 0.262263
6.851697e-08 390 0.262733
6.571439e-08 391 0.263355
6.302954e-08 392 0.263912
6.045700e-08 393 0.264403
5.799166e-08 394 0.264886
5.562874e-08 395 0.265556
5.336367e-08 396 0.266050
5.119217e-08 397 0.266553
4.911017e-08 398 0.266981
4.711379e-08 399 0.267855
4.519938e-08 400 0.268965
4.336344e-08 401 0.270208
4.160265e-08 402 0.271683
3.991385e-08 403 0.273288
3.829402e-08 404 0.274167
3.674027e-08 405 0.275470
3.524985e-08 406 0.276691
3.382015e-08 407 0.277931
3.244865e-08 408 0.279161
3.113294e-08 409 0.280372
2.987073e-08 410 0.281306
2.865982e-08 411 0.282533
2.749810e-08 412 0.283449
2.638357e-08 413 0.284121
2.531428e-08 414 0.285426
2.428840e-08 415 0.286679
2.330415e-08 416 0.287947
2.235982e-08 417 0.289160
2.145381e-08 418 0.290402
2.058453e-08 419 0.291637
1.975051e-08 420 0.292836
1.895030e-08 421 0.294089
1.818253e-08 422 0.295337
1.744589e-08 423 0.296661
1.673910e-08 424 0.297845
1.606096e-08 425 0.299075
1.541031e-08 426 0.300258
1.478602e-08 427 0.301498
1.418703e-08 428 0.302721
1.361231e-08 429 0.303932
1.306088e-08 430 0.309835
1.253179e-08 431 0.310807
1.202413e-08 432 0.311619
1.153705e-08 433 0.312471
1.106970e-08 434 0.313773
1.062128e-08 435 0.314964
1.019103e-08 436 0.316208
9.778211e-09 437 0.317430
9.382115e-09 438 0.318612
9.002065e-09 439 0.319795
8.637411e-09 440 0.321101
8.287529e-09 441 0.321604
7.951821e-09 442 0.327612
7.629712e-09 443 0.328373
7.320652e-09 444 0.328855
7.024111e-09 445 0.329324
6.739582e-09 446 0.329791
6.466580e-09 447 0.330248
6.204636e-09 448 0.330676
5.953303e-09 449 0.331093
5.712151e-09 450 0.331514
5.480768e-09 451 0.331950
5.258757e-09 452 0.332382
5.045740e-09 453 0.332793
4.841351e-09 454 0.333203
4.645242e-09 455 0.333755
4.457076e-09 456 0.334301
4.276533e-09 457 0.334748
4.103303e-09 458 0.335225
3.937090e-09 459 0.336111
3.777610e-09 460 0.336827
3.624590e-09 461 0.337286
3.477769e-09 462 0.337751
3.336895e-09 463 0.338219
3.201727e-09 464 0.338714
3.072034e-09 465 0.339200
2.947595e-09 466 0.339677
2.828197e-09 467 0.340088
2.713635e-09 468 0.340533
2.603713e-09 469 0.340981
2.498245e-09 470 0.341438
2.397048e-09 471 0.341902
2.299951e-09 472 0.342369
2.206787e-09 473 0.342842
2.117396e-09 474 0.343307
2.031627e-09 475 0.343769
1.949332e-09 476 0.344242
1.870370e-09 477 0.344720
1.794607e-09 478 0.345177
1.721913e-09 479 0.345645
1.652163e-09 480 0.346118
1.585239e-09 481 0.346608
1.521026e-09 482 0.347051
1.459413e-09 483 0.347537
1.400297e-09 484 0.348019
1.343575e-09 485 0.348489
1.289151e-09 486 0.348972
1.236931e-09 487 0.349443
1.186827e-09 488 0.349912
1.138752e-09 489 0.350547
1.092625e-09 490 0.351008
1.048366e-09 491 0.351467
1.005899e-09 492 0.355967
9.651534e-10 493 0.356516
9.260578e-10 494 0.356985
8.885459e-10 495 0.357456
8.525536e-10 496 0.357904
8.180192e-10 497 0.358380
7.848836e-10 498 0.358858
7.530902e-10 499 0.359334
7.225849e-10 500 0.359814
6.933152e-10 501 0.360284
6.652310e-10 502 0.360745
6.382845e-10 503 0.361210
6.124295e-10 504 0.361677
5.876219e-10 505 0.362120
5.638191e-10 506 0.362593
5.409804e-10 507 0.363096
5.190667e-10 508 0.363583
4.980411e-10 509 0.364105
4.778668e-10 510 0.369707
4.585099e-10 511 0.378724
4.399369e-10 512 0.379190
4.221164e-10 513 0.379635
4.050178e-10 514 0.380099
3.886119e-10 515 0.381805
3.728702e-10 516 0.382274
3.577665e-10 517 0.382704
3.432744e-10 518 0.383140
3.293693e-10 519 0.383894
3.160273e-10 520 0.384321
3.032263e-10 521 0.385288
2.909434e-10 522 0.385731
2.791581e-10 523 0.386663
2.678502e-10 524 0.387096
2.570005e-10 525 0.387665
2.465902e-10 526 0.388117
2.366014e-10 527 0.388646
2.270175e-10 528 0.389120
2.178217e-10 529 0.389562
2.089984e-10 530 0.389998
2.005323e-10 531 0.390521
1.924095e-10 532 0.391013
1.846156e-10 533 0.391458
1.771374e-10 534 0.392924
1.699619e-10 535 0.393786
1.630775e-10 536 0.398963
1.564714e-10 537 0.399431
1.501334e-10 538 0.399890
1.440521e-10 539 0.400422
1.382170e-10 540 0.400864
1.326179e-10 541 0.401354
1.272461e-10 542 0.401787
1.220917e-10 543 0.402243
1.171463e-10 544 0.402675
1.124009e-10 545 0.403100
1.078478e-10 546 0.403532
1.034792e-10 547 0.403965
9.928771e-11 548 0.404385
9.526580e-11 549 0.404813
9.140687e-11 550 0.405245
8.770444e-11 551 0.405673
8.415163e-11 552 0.406099
8.074290e-11 553 0.406523
7.747218e-11 554 0.406960
7.433410e-11 555 0.407390
7.132301e-11 556 0.407819
6.843389e-11 557 0.408244
6.566184e-11 558 0.408676
6.300206e-11 559 0.410344
6.045000e-11 560 0.410770
5.800147e-11 561 0.411211
5.565188e-11 562 0.411638
5.339767e-11 563 0.412070
5.123476e-11 564 0.412498
4.915929e-11 565 0.412921
4.716799e-11 566 0.413362
4.525735e-11 567 0.413788
4.342422e-11 568 0.414214
4.166504e-11 569 0.414641
3.997732e-11 570 0.415077
3.835813e-11 571 0.415545
3.680443e-11 572 0.415974
3.531345e-11 573 0.416455
3.388295e-11 574 0.417009
3.251058e-11 575 0.417446
3.119348e-11 576 0.417879
2.992995e-11 577 0.418309
2.871776e-11 578 0.418714
2.755438e-11 579 0.419139
2.643824e-11 580 0.419567
2.536731e-11 581 0.420029
2.433969e-11 582 0.420510
2.335380e-11 583 0.421000
2.240775e-11 584 0.421482
2.150017e-11 585 0.421958
2.062929e-11 586 0.422564
1.979353e-11 587 0.423809
1.899183e-11 588 0.424246
1.822254e-11 589 0.424694
1.748436e-11 590 0.425142
1.677618e-11 591 0.426938
1.609668e-11 592 0.427371
1.544465e-11 593 0.427827
1.481906e-11 594 0.428257
1.421877e-11 595 0.428688
1.364274e-11 596 0.430522
1.309010e-11 597 0.430990
1.255986e-11 598 0.431429
1.205126e-11 599 0.431868
1.156293e-11 600 0.432306
1.109455e-11 601 0.432803
1.064519e-11 602 0.433302
1.021390e-11 603 0.433801
9.800368e-12 604 0.434305
9.403222e-12 605 0.434805
9.022432e-12 606 0.435299
8.656814e-12 607 0.436892
8.306193e-12 608 0.437398
7.969615e-12 609 0.437910
7.646874e-12 610 0.438363
7.337314e-12 611 0.438861
7.040048e-12 612 0.439358
6.754782e-12 613 0.439855
6.481228e-12 614 0.440387
6.218697e-12 615 0.440888
5.966523e-12 616 0.441410
5.725073e-12 617 0.441932
5.493172e-12 618 0.442476
5.270698e-12 619 0.442933
5.057154e-12 620 0.443514
4.852253e-12 621 0.443994
4.655762e-12 622 0.444477
4.467188e-12 623 0.444934
4.286087e-12 624 0.445498
4.112542e-12 625 0.446021
3.946073e-12 626 0.446569
3.786035e-12 627 0.447154
3.632749e-12 628 0.447735
3.485644e-12 629 0.448218
3.344317e-12 630 0.448633
3.209093e-12 631 0.449161
3.079077e-12 632 0.449647
2.954343e-12 633 0.450200
2.834560e-12 634 0.450701
2.719752e-12 635 0.451190
2.609478e-12 636 0.451656
2.503762e-12 637 0.452103
2.402443e-12 638 0.452618
2.305035e-12 639 0.453102
2.211767e-12 640 0.453582
2.122276e-12 641 0.454067
2.036217e-12 642 0.454597
1.953846e-12 643 0.455083
1.874527e-12 644 0.455535
1.798658e-12 645 0.456031
1.725689e-12 646 0.456525
1.656060e-12 647 0.457011
1.588802e-12 648 0.457473
1.524459e-12 649 0.457907
1.462646e-12 650 0.458425
1.403357e-12 651 0.458915
1.346616e-12 652 0.459391
1.292033e-12 653 0.459944
1.239755e-12 654 0.460446
1.189501e-12 655 0.460907
1.141328e-12 656 0.461391
1.095059e-12 657 0.461813
1.050732e-12 658 0.462356
1.008228e-12 659 0.462838
9.674115e-13 660 0.463354
9.282716e-13 661 0.463874
8.906181e-13 662 0.464332
8.545507e-13 663 0.464856
8.199552e-13 664 0.465391
7.865134e-13 665 0.465896
7.546399e-13 666 0.466388
7.242953e-13 667 0.466926
6.948864e-13 668 0.467472
6.668133e-13 669 0.468003
6.397658e-13 670 0.468494
6.138232e-13 671 0.469001
5.888790e-13 672 0.469531
5.650327e-13 673 0.469960
5.422218e-13 674 0.470423
5.201965e-13 675 0.470903
4.992934e-13 676 0.471569
4.789946e-13 677 0.472125
4.596596e-13 678 0.472637
4.409537e-13 679 0.473158
4.229849e-13 680 0.473627
4.060784e-13 681 0.477560
3.894833e-13 682 0.478110
3.737264e-13 683 0.478619
3.585086e-13 684 0.479178
3.439803e-13 685 0.479712
3.301836e-13 686 0.480188
3.166155e-13 687 0.480675
3.039376e-13 688 0.481118
2.915981e-13 689 0.481590
2.798156e-13 690 0.482112
2.684579e-13 691 0.482570
2.575663e-13 692 0.483034
2.472565e-13 693 0.483509
2.371102e-13 694 0.484002
2.275338e-13 695 0.484490
2.182976e-13 696 0.484959
2.093999e-13 697 0.485500
2.011526e-13 698 0.485995
1.929835e-13 699 0.487587
1.850098e-13 700 0.488074
1.774606e-13 701 0.488548
1.704042e-13 702 0.489073
1.633874e-13 703 0.489598
1.565922e-13 704 0.490112
1.503526e-13 705 0.490672
1.443735e-13 706 0.491213
1.387758e-13 707 0.491764
1.329190e-13 708 0.492265
1.276475e-13 709 0.492738
1.221710e-13 710 0.493257
1.174041e-13 711 0.493734
1.127037e-13 712 0.494212
1.079977e-13 713 0.494662
1.035811e-13 714 0.495112
9.954240e-14 715 0.496041
