5.968668e+00 1 
2.680951e+00 2 
1.858127e+00 3 
1.438094e+00 4 
1.177672e+00 5 
9.984930e-01 6 
8.669683e-01 7 
7.661267e-01 8 
6.863293e-01 9 
6.216069e-01 10 
5.680259e-01 11 
5.228785e-01 12 
4.842424e-01 13 
4.507219e-01 14 
4.212855e-01 15 
3.951593e-01 16 
3.717545e-01 17 
3.506170e-01 18 
3.313923e-01 19 
3.137999e-01 20 
2.976152e-01 21 
2.826558e-01 22 
2.687722e-01 23 
2.558406e-01 24 
2.437571e-01 25 
2.324339e-01 26 
2.217965e-01 27 
2.117806e-01 28 
2.023307e-01 29 
1.933988e-01 30 
1.849427e-01 31 
1.769253e-01 32 
1.693139e-01 33 
1.620796e-01 34 
1.551963e-01 35 
1.486410e-01 36 
1.423927e-01 37 
1.364326e-01 38 
1.307436e-01 39 
1.253101e-01 40 
1.201180e-01 41 
1.151542e-01 42 
1.104066e-01 43 
1.058642e-01 44 
1.015166e-01 45 
9.735435e-02 46 
9.336843e-02 47 
8.955053e-02 48 
8.589283e-02 49 
8.238798e-02 50 
7.902907e-02 51 
7.580956e-02 52 
7.272330e-02 53 
6.976445e-02 54 
6.692747e-02 55 
6.420712e-02 56 
6.159841e-02 57 
5.909658e-02 58 
5.669714e-02 59 
5.439575e-02 60 
5.218833e-02 61 
5.007094e-02 62 
4.803985e-02 63 
4.609148e-02 64 
4.422241e-02 65 
4.242936e-02 66 
4.070921e-02 67 
3.905897e-02 68 
3.747576e-02 69 
3.595685e-02 70 
3.449960e-02 71 
3.310150e-02 72 
3.176012e-02 73 
3.047316e-02 74 
2.923841e-02 75 
2.805373e-02 76 
2.691708e-02 77 
2.582652e-02 78 
2.478017e-02 79 
2.377624e-02 80 
2.281300e-02 81 
2.188879e-02 82 
2.100205e-02 83 
2.015123e-02 84 
1.933489e-02 85 
1.855164e-02 86 
1.780011e-02 87 
1.707904e-02 88 
1.638719e-02 89 
1.572336e-02 90 
1.508643e-02 91 
1.447530e-02 92 
1.388893e-02 93 
1.332631e-02 94 
1.278649e-02 95 
1.226854e-02 96 
1.177157e-02 97 
1.129473e-02 98 
1.083721e-02 99 
1.039822e-02 100 
1.070772e-02 102 
9.222567e-03 103 
8.703816e-03 104 
8.317109e-03 105 
7.966997e-03 106 
7.637004e-03 107 
7.322890e-03 108 
7.022900e-03 109 
6.735960e-03 110 
6.461259e-03 111 
6.198125e-03 112 
5.945970e-03 113 
5.704265e-03 114 
5.472528e-03 115 
5.250314e-03 116 
5.037205e-03 117 
4.832810e-03 118 
4.636759e-03 119 
4.448701e-03 120 
4.268301e-03 121 
4.095243e-03 122 
3.929221e-03 123 
3.769947e-03 124 
3.617143e-03 125 
3.470545e-03 126 
3.329897e-03 127 
3.194957e-03 128 
3.065491e-03 129 
2.941278e-03 130 
2.822102e-03 131 
2.707759e-03 132 
2.598052e-03 133 
2.492793e-03 134 
2.391800e-03 135 
2.294901e-03 136 
2.201930e-03 137 
2.112726e-03 138 
2.027137e-03 139 
1.945016e-03 140 
1.866223e-03 141 
1.790623e-03 142 
1.718086e-03 143 
1.648488e-03 144 
1.581709e-03 145 
1.517636e-03 146 
1.456159e-03 147 
1.397173e-03 148 
1.340576e-03 149 
1.286272e-03 150 
1.234167e-03 151 
1.184174e-03 152 
1.136206e-03 153 
1.090181e-03 154 
1.046020e-03 155 
1.003649e-03 156 
9.629934e-04 157 
9.239850e-04 158 
8.865568e-04 159 
8.506448e-04 160 
8.161875e-04 161 
7.831260e-04 162 
7.514038e-04 163 
7.209665e-04 164 
6.917622e-04 165 
6.637409e-04 166 
6.368546e-04 167 
6.110575e-04 168 
5.863053e-04 169 
5.625558e-04 170 
5.397683e-04 171 
5.179038e-04 172 
4.969250e-04 173 
4.767961e-04 174 
4.574825e-04 175 
4.389512e-04 176 
4.211706e-04 177 
4.041102e-04 178 
3.877409e-04 179 
3.720346e-04 180 
3.569646e-04 181 
3.425050e-04 182 
3.286312e-04 183 
3.153193e-04 184 
3.025466e-04 185 
2.902914e-04 186 
2.785325e-04 187 
2.672500e-04 188 
2.564245e-04 189 
2.460375e-04 190 
2.360713e-04 191 
2.265087e-04 192 
2.173335e-04 193 
2.085300e-04 194 
2.000830e-04 195 
1.919783e-04 196 
1.842018e-04 197 
1.767403e-04 198 
1.695811e-04 199 
1.627119e-04 200 
1.880179e-04 202 
1.458796e-04 203 
1.350804e-04 204 
1.281777e-04 205 
1.223973e-04 206 
1.171470e-04 207 
1.122414e-04 208 
1.076016e-04 209 
1.031861e-04 210 
9.897013e-05 211 
9.493724e-05 212 
9.107524e-05 213 
8.737447e-05 214 
8.382677e-05 215 
8.042493e-05 216 
7.716239e-05 217 
7.403309e-05 218 
7.103134e-05 219 
6.815178e-05 220 
6.538931e-05 221 
6.273909e-05 222 
6.019650e-05 223 
5.775712e-05 224 
5.541672e-05 225 
5.317127e-05 226 
5.101689e-05 227 
4.894988e-05 228 
4.696667e-05 229 
4.506385e-05 230 
4.323817e-05 231 
4.148649e-05 232 
3.980580e-05 233 
3.819322e-05 234 
3.664598e-05 235 
3.516145e-05 236 
3.373706e-05 237 
3.237039e-05 238 
3.105909e-05 239 
2.980092e-05 240 
2.859372e-05 241 
2.743543e-05 242 
2.632407e-05 243 
2.525773e-05 244 
2.423459e-05 245 
2.325289e-05 246 
2.231097e-05 247 
2.140720e-05 248 
2.054005e-05 249 
1.970802e-05 250 
1.890970e-05 251 
1.814372e-05 252 
1.740876e-05 253 
1.670358e-05 254 
1.602696e-05 255 
1.537775e-05 256 
1.475484e-05 257 
1.415716e-05 258 
1.358370e-05 259 
1.303346e-05 260 
1.250551e-05 261 
1.199895e-05 262 
1.151291e-05 263 
1.104655e-05 264 
1.059909e-05 265 
1.016975e-05 266 
9.757803e-06 267 
9.362542e-06 268 
8.983293e-06 269 
8.619406e-06 270 
8.270260e-06 271 
7.935256e-06 272 
7.613822e-06 273 
7.305408e-06 274 
7.009488e-06 275 
6.725554e-06 276 
6.453122e-06 277 
6.191725e-06 278 
5.940917e-06 279 
5.700268e-06 280 
5.469367e-06 281 
5.247819e-06 282 
5.035245e-06 283 
4.831282e-06 284 
4.635581e-06 285 
4.447808e-06 286 
4.267640e-06 287 
4.094771e-06 288 
3.928904e-06 289 
3.769756e-06 290 
3.617054e-06 291 
3.470538e-06 292 
3.329957e-06 293 
3.195070e-06 294 
3.065647e-06 295 
2.941467e-06 296 
2.822317e-06 297 
2.707993e-06 298 
2.598301e-06 299 
2.493051e-06 300 
2.392065e-06 301 
2.295170e-06 302 
2.202199e-06 303 
2.112995e-06 304 
2.027403e-06 305 
1.945279e-06 306 
1.866482e-06 307 
1.790876e-06 308 
1.718333e-06 309 
1.648729e-06 310 
1.581943e-06 311 
1.517864e-06 312 
1.456380e-06 313 
1.397386e-06 314 
1.340782e-06 315 
1.286471e-06 316 
1.234360e-06 317 
1.184360e-06 318 
1.136385e-06 319 
1.090353e-06 320 
1.046186e-06 321 
1.003808e-06 322 
9.631469e-07 323 
9.241327e-07 324 
8.866989e-07 325 
8.507813e-07 326 
8.163187e-07 327 
7.832521e-07 328 
7.515248e-07 329 
7.210828e-07 330 
6.918739e-07 331 
6.638481e-07 332 
6.369576e-07 333 
6.111564e-07 334 
5.864002e-07 335 
5.626469e-07 336 
5.398558e-07 337 
5.179878e-07 338 
4.970057e-07 339 
4.768734e-07 340 
4.575567e-07 341 
4.390224e-07 342 
4.212390e-07 343 
4.041758e-07 344 
3.878039e-07 345 
3.720951e-07 346 
3.570226e-07 347 
3.425607e-07 348 
3.286846e-07 349 
3.153705e-07 350 
3.025958e-07 351 
2.903386e-07 352 
2.785778e-07 353 
2.672934e-07 354 
2.564662e-07 355 
2.460775e-07 356 
2.361096e-07 357 
2.265455e-07 358 
2.173688e-07 359 
2.085639e-07 360 
2.001156e-07 361 
1.920095e-07 362 
1.842318e-07 363 
1.767691e-07 364 
1.696087e-07 365 
1.627383e-07 366 
1.561463e-07 367 
1.498213e-07 368 
1.437525e-07 369 
1.379295e-07 370 
1.323424e-07 371 
1.269816e-07 372 
1.218379e-07 373 
1.169026e-07 374 
1.121673e-07 375 
1.076237e-07 376 
1.032642e-07 377 
9.908125e-08 378 
9.506776e-08 379 
9.121685e-08 380 
8.752193e-08 381 
8.397667e-08 382 
8.057503e-08 383 
7.731117e-08 384 
7.417953e-08 385 
7.117474e-08 386 
6.829166e-08 387 
6.552537e-08 388 
6.287113e-08 389 
6.032441e-08 390 
5.788085e-08 391 
5.553626e-08 392 
5.328666e-08 393 
5.112817e-08 394 
4.905712e-08 395 
4.706996e-08 396 
4.516330e-08 397 
4.333387e-08 398 
4.157854e-08 399 
3.989432e-08 400 
4.142948e-08 402 
3.543398e-08 403 
3.344530e-08 404 
3.196525e-08 405 
3.062285e-08 406 
2.935648e-08 407 
2.815055e-08 408 
2.699855e-08 409 
2.589645e-08 410 
2.484120e-08 411 
2.383023e-08 412 
2.286133e-08 413 
2.193249e-08 414 
2.104187e-08 415 
2.018779e-08 416 
1.936865e-08 417 
1.858296e-08 418 
1.782931e-08 419 
1.710635e-08 420 
1.641281e-08 421 
1.574747e-08 422 
1.510916e-08 423 
1.449678e-08 424 
1.390927e-08 425 
1.334560e-08 426 
1.280480e-08 427 
1.228594e-08 428 
1.178813e-08 429 
1.131051e-08 430 
1.085225e-08 431 
1.041257e-08 432 
9.990714e-09 433 
9.585958e-09 434 
9.197607e-09 435 
8.824995e-09 436 
8.467484e-09 437 
8.124460e-09 438 
7.795336e-09 439 
7.479547e-09 440 
7.176554e-09 441 
6.885838e-09 442 
6.606899e-09 443 
6.339262e-09 444 
6.082468e-09 445 
5.836077e-09 446 
5.599668e-09 447 
5.372836e-09 448 
5.155194e-09 449 
4.946368e-09 450 
4.746002e-09 451 
4.553752e-09 452 
4.369291e-09 453 
4.192302e-09 454 
4.022482e-09 455 
3.859542e-09 456 
3.703202e-09 457 
3.553195e-09 458 
3.409265e-09 459 
3.271165e-09 460 
3.138659e-09 461 
3.011521e-09 462 
2.889533e-09 463 
2.772486e-09 464 
2.660181e-09 465 
2.552424e-09 466 
2.449033e-09 467 
2.349830e-09 468 
2.254645e-09 469 
2.163316e-09 470 
2.075686e-09 471 
1.991606e-09 472 
1.910932e-09 473 
1.833526e-09 474 
1.759255e-09 475 
1.687993e-09 476 
1.619617e-09 477 
1.554011e-09 478 
1.491063e-09 479 
1.430664e-09 480 
1.372712e-09 481 
1.317108e-09 482 
1.263756e-09 483 
1.212565e-09 484 
1.163447e-09 485 
1.116320e-09 486 
1.071101e-09 487 
1.027714e-09 488 
9.860841e-10 489 
9.461408e-10 490 
9.078153e-10 491 
8.710425e-10 492 
8.357591e-10 493 
8.019050e-10 494 
7.694222e-10 495 
7.382554e-10 496 
7.083508e-10 497 
6.796576e-10 498 
6.521265e-10 499 
6.257108e-10 500 
6.003652e-10 501 
5.760461e-10 502 
5.527124e-10 503 
5.303234e-10 504 
5.088416e-10 505 
4.882299e-10 506 
4.684534e-10 507 
4.494776e-10 508 
4.312706e-10 509 
4.138011e-10 510 
3.970393e-10 511 
3.809565e-10 512 
3.655248e-10 513 
3.507186e-10 514 
3.365121e-10 515 
3.228809e-10 516 
3.098021e-10 517 
2.972527e-10 518 
2.852120e-10 519 
2.736589e-10 520 
2.625739e-10 521 
2.519377e-10 522 
2.417326e-10 523 
2.319407e-10 524 
2.225456e-10 525 
2.135309e-10 526 
2.048813e-10 527 
1.965823e-10 528 
1.886192e-10 529 
1.809787e-10 530 
1.736480e-10 531 
1.666139e-10 532 
1.598648e-10 533 
1.533892e-10 534 
1.471759e-10 535 
1.412141e-10 536 
1.354941e-10 537 
1.300056e-10 538 
1.247396e-10 539 
1.196867e-10 540 
1.148385e-10 541 
1.101869e-10 542 
1.057232e-10 543 
1.014410e-10 544 
9.733162e-11 545 
9.338903e-11 546 
8.960625e-11 547 
8.597649e-11 548 
8.249379e-11 549 
7.915232e-11 550 
7.594607e-11 551 
7.286961e-11 552 
6.991794e-11 553 
6.708581e-11 554 
6.436838e-11 555 
6.176100e-11 556 
5.925924e-11 557 
5.685882e-11 558 
5.455563e-11 559 
5.234569e-11 560 
5.022529e-11 561 
4.819091e-11 562 
4.623901e-11 563 
4.436588e-11 564 
4.256861e-11 565 
4.084433e-11 566 
3.918994e-11 567 
3.760246e-11 568 
3.607953e-11 569 
3.461793e-11 570 
3.321554e-11 571 
3.187009e-11 572 
3.057904e-11 573 
2.934057e-11 574 
2.815187e-11 575 
2.701159e-11 576 
2.591746e-11 577 
2.486765e-11 578 
2.386028e-11 579 
2.289374e-11 580 
2.196637e-11 581 
2.107664e-11 582 
2.022291e-11 583 
1.940371e-11 584 
1.861786e-11 585 
1.786355e-11 586 
1.713987e-11 587 
1.644597e-11 588 
1.577952e-11 589 
1.514046e-11 590 
1.452708e-11 591 
1.393856e-11 592 
1.337391e-11 593 
1.283217e-11 594 
1.231256e-11 595 
1.181360e-11 596 
1.133516e-11 597 
1.087591e-11 598 
1.043539e-11 599 
1.001272e-11 600 
9.607161e-12 601 
9.218024e-12 602 
8.844525e-12 603 
8.486434e-12 604 
8.142666e-12 605 
7.812658e-12 606 
7.496331e-12 607 
7.192756e-12 608 
6.901364e-12 609 
6.621767e-12 610 
6.353439e-12 611 
6.096103e-12 612 
5.849192e-12 613 
5.612430e-12 614 
5.384935e-12 615 
5.166784e-12 616 
4.957367e-12 617 
4.756813e-12 618 
4.564064e-12 619 
4.379013e-12 620 
4.201625e-12 621 
4.031463e-12 622 
3.868201e-12 623 
3.711622e-12 624 
3.561239e-12 625 
3.416963e-12 626 
3.278395e-12 627 
3.145608e-12 628 
3.018299e-12 629 
2.895962e-12 630 
2.778780e-12 631 
2.666004e-12 632 
2.558220e-12 633 
2.454602e-12 634 
2.355266e-12 635 
2.259761e-12 636 
2.168304e-12 637 
2.080522e-12 638 
1.996251e-12 639 
1.915288e-12 640 
1.837645e-12 641 
1.763213e-12 642 
1.691770e-12 643 
1.623326e-12 644 
1.557522e-12 645 
1.494464e-12 646 
1.433983e-12 647 
1.375842e-12 648 
1.320002e-12 649 
1.266616e-12 650 
1.215263e-12 651 
1.166088e-12 652 
1.118951e-12 653 
1.073363e-12 654 
1.029917e-12 655 
9.882641e-13 656 
9.482948e-13 657 
9.098677e-13 658 
8.729644e-13 659 
8.376334e-13 660 
8.036406e-13 661 
7.711091e-13 662 
7.400320e-13 663 
7.099099e-13 664 
6.813899e-13 665 
6.536300e-13 666 
6.272221e-13 667 
6.015174e-13 668 
5.774424e-13 669 
5.540263e-13 670 
5.314891e-13 671 
5.098541e-13 672 
4.893996e-13 673 
4.696851e-13 674 
4.505780e-13 675 
4.323580e-13 676 
4.146685e-13 677 
3.979945e-13 678 
3.817441e-13 679 
3.663388e-13 680 
3.515798e-13 681 
3.372733e-13 682 
3.237058e-13 683 
3.103102e-13 684 
2.979920e-13 685 
2.858079e-13 686 
2.743651e-13 687 
2.630998e-13 688 
2.526236e-13 689 
2.422960e-13 690 
2.322527e-13 691 
2.230362e-13 692 
2.140209e-13 693 
2.053197e-13 694 
1.969849e-13 695 
1.888914e-13 696 
1.812285e-13 697 
1.739960e-13 698 
1.670392e-13 699 
1.601900e-13 700 
1.537273e-13 701 
1.474988e-13 702 
1.415971e-13 703 
1.358176e-13 704 
1.303395e-13 705 
1.250950e-13 706 
1.200892e-13 707 
1.151063e-13 708 
1.105632e-13 709 
1.057556e-13 710 
1.016401e-13 711 
9.764421e-14 712 
