3.791438e+00 1
1.948557e+00 2
1.324536e+00 3
1.014272e+00 4
8.266808e-01 5
6.992270e-01 6
6.063208e-01 7
5.354581e-01 8
4.796424e-01 9
4.345620e-01 10
3.973794e-01 11
3.661434e-01 12
3.394715e-01 13
3.163635e-01 14
2.960832e-01 15
2.780818e-01 16
2.619444e-01 17
2.473533e-01 18
2.340625e-01 19
2.218786e-01 20
2.106480e-01 21
2.002467e-01 22
1.905738e-01 23
1.815461e-01 24
1.730939e-01 25
1.651588e-01 26
1.576911e-01 27
1.506480e-01 28
1.439927e-01 29
1.376932e-01 30
1.317215e-01 31
1.260529e-01 32
1.206656e-01 33
1.155400e-01 34
1.106589e-01 35
1.060065e-01 36
1.015689e-01 37
9.733328e-02 38
9.328799e-02 39
8.942243e-02 40
8.572687e-02 41
8.219235e-02 42
7.881060e-02 43
7.557393e-02 44
7.247523e-02 45
6.950784e-02 46
6.666555e-02 47
6.394254e-02 48
6.133332e-02 49
5.883275e-02 50
5.643598e-02 51
5.413840e-02 52
5.193567e-02 53
4.982369e-02 54
4.779852e-02 55
4.585647e-02 56
4.399400e-02 57
4.220774e-02 58
4.049448e-02 59
3.885117e-02 60
3.727490e-02 61
3.576286e-02 62
3.431241e-02 63
3.292099e-02 64
3.158617e-02 65
3.030562e-02 66
2.907711e-02 67
2.789850e-02 68
2.676776e-02 69
2.568292e-02 70
2.464211e-02 71
2.364354e-02 72
2.268547e-02 73
2.176627e-02 74
2.088434e-02 75
2.003818e-02 76
1.922632e-02 77
1.844737e-02 78
1.770000e-02 79
1.698293e-02 80
1.629491e-02 81
1.563478e-02 82
1.500140e-02 83
1.439369e-02 84
1.381060e-02 85
1.325113e-02 86
1.271434e-02 87
1.219929e-02 88
1.170511e-02 89
1.123095e-02 90
1.077600e-02 91
1.033949e-02 92
9.920652e-03 93
9.518787e-03 94
9.133201e-03 95
8.763235e-03 96
8.408256e-03 97
8.067658e-03 98
7.740857e-03 99
7.427294e-03 100
7.126434e-03 101
6.837761e-03 102
6.560781e-03 103
6.295022e-03 104
6.040027e-03 105
5.795363e-03 106
5.560609e-03 107
5.335364e-03 108
5.119243e-03 109
4.911877e-03 110
4.712911e-03 111
4.522005e-03 112
4.338831e-03 113
4.163078e-03 114
3.994444e-03 115
3.832641e-03 116
3.677391e-03 117
3.528431e-03 118
3.385505e-03 119
3.248368e-03 120
3.116786e-03 121
2.990534e-03 122
2.869396e-03 123
2.753166e-03 124
2.641643e-03 125
2.534638e-03 126
2.431967e-03 127
2.333455e-03 128
2.238934e-03 129
2.148242e-03 130
2.061223e-03 131
1.977729e-03 132
1.897617e-03 133
1.820750e-03 134
1.746997e-03 135
1.676231e-03 136
1.608332e-03 137
1.543183e-03 138
1.480673e-03 139
1.420696e-03 140
1.363148e-03 141
1.307930e-03 142
1.254950e-03 143
1.204116e-03 144
1.155341e-03 145
1.108541e-03 146
1.063638e-03 147
1.020553e-03 148
9.792132e-04 149
9.395482e-04 150
9.014899e-04 151
8.649732e-04 152
8.299357e-04 153
7.963175e-04 154
7.640610e-04 155
7.331112e-04 156
7.034150e-04 157
6.749218e-04 158
6.475827e-04 159
6.213510e-04 160
5.961820e-04 161
5.720324e-04 162
5.488611e-04 163
5.266283e-04 164
5.052962e-04 165
4.848281e-04 166
4.651892e-04 167
4.463458e-04 168
4.282656e-04 169
4.109179e-04 170
3.942728e-04 171
3.783020e-04 172
3.629781e-04 173
3.482749e-04 174
3.341673e-04 175
3.206312e-04 176
3.076434e-04 177
2.951817e-04 178
2.832248e-04 179
2.717522e-04 180
2.607443e-04 181
2.501823e-04 182
2.400482e-04 183
2.303245e-04 184
2.209948e-04 185
2.120429e-04 186
2.034537e-04 187
1.952124e-04 188
1.873049e-04 189
1.797178e-04 190
1.724379e-04 191
1.654530e-04 192
1.587510e-04 193
1.523204e-04 194
1.461504e-04 195
1.402303e-04 196
1.345500e-04 197
1.290997e-04 198
1.238703e-04 199
1.188527e-04 200
1.140383e-04 201
1.094190e-04 202
1.049867e-04 203
1.007340e-04 204
9.665359e-05 205
9.273844e-05 206
8.898188e-05 207
8.537749e-05 208
8.191910e-05 209
7.860080e-05 210
7.541692e-05 211
7.236200e-05 212
6.943083e-05 213
6.661839e-05 214
6.391988e-05 215
6.133068e-05 216
5.884635e-05 217
5.646266e-05 218
5.417553e-05 219
5.198104e-05 220
4.987544e-05 221
4.785514e-05 222
4.591667e-05 223
4.405672e-05 224
4.227211e-05 225
4.055979e-05 226
3.891684e-05 227
3.734043e-05 228
3.582788e-05 229
3.437660e-05 230
3.298411e-05 231
3.164802e-05 232
3.036605e-05 233
2.913601e-05 234
2.795580e-05 235
2.682339e-05 236
2.573686e-05 237
2.469433e-05 238
2.369404e-05 239
2.273427e-05 240
2.181337e-05 241
2.092977e-05 242
2.008197e-05 243
1.926851e-05 244
1.848800e-05 245
1.773911e-05 246
1.702055e-05 247
1.633110e-05 248
1.566957e-05 249
1.503484e-05 250
1.354280e+00 252
5.120771e-01 253
3.536061e-01 254
2.634202e-01 255
2.088416e-01 256
1.742269e-01 257
1.509063e-01 258
1.340716e-01 259
1.210915e-01 260
1.105321e-01 261
1.016020e-01 262
9.385110e-02 263
8.701018e-02 264
8.090740e-02 265
7.542461e-02 266
7.047456e-02 267
6.598878e-02 268
6.191111e-02 269
5.819406e-02 270
5.479673e-02 271
5.168351e-02 272
4.882319e-02 273
4.618837e-02 274
4.375494e-02 275
4.150168e-02 276
3.940990e-02 277
3.746319e-02 278
3.564710e-02 279
3.394891e-02 280
3.235744e-02 281
3.086284e-02 282
2.945645e-02 283
2.813059e-02 284
2.687853e-02 285
2.569427e-02 286
2.457252e-02 287
2.350855e-02 288
2.249816e-02 289
2.153759e-02 290
2.062348e-02 291
1.975280e-02 292
1.892281e-02 293
1.813104e-02 294
1.737523e-02 295
1.665332e-02 296
1.596346e-02 297
1.530389e-02 298
1.467304e-02 299
1.406943e-02 300
1.349171e-02 301
1.293859e-02 302
1.240890e-02 303
1.190153e-02 304
1.141544e-02 305
1.094967e-02 306
1.050328e-02 307
1.007541e-02 308
9.665252e-03 309
9.272021e-03 310
8.894985e-03 311
8.533448e-03 312
8.186745e-03 313
7.854247e-03 314
7.535354e-03 315
7.229493e-03 316
6.936118e-03 317
6.654710e-03 318
6.384769e-03 319
6.125822e-03 320
5.877414e-03 321
5.639109e-03 322
5.410493e-03 323
5.191167e-03 324
4.980751e-03 325
4.778880e-03 326
4.585203e-03 327
4.399387e-03 328
4.221111e-03 329
4.050067e-03 330
3.885961e-03 331
3.728510e-03 332
3.577444e-03 333
3.432502e-03 334
3.293436e-03 335
3.160007e-03 336
3.031986e-03 337
2.909154e-03 338
2.791300e-03 339
2.678222e-03 340
2.569726e-03 341
2.465626e-03 342
2.365744e-03 343
2.269909e-03 344
2.177957e-03 345
2.089731e-03 346
2.005079e-03 347
1.923856e-03 348
1.845924e-03 349
1.771149e-03 350
1.699403e-03 351
1.630564e-03 352
1.564514e-03 353
1.501139e-03 354
1.440331e-03 355
1.381987e-03 356
1.326006e-03 357
1.272293e-03 358
1.220756e-03 359
1.171306e-03 360
1.123860e-03 361
1.078335e-03 362
1.034655e-03 363
9.927439e-04 364
9.525306e-04 365
9.139463e-04 366
8.769250e-04 367
8.414032e-04 368
8.073204e-04 369
7.746182e-04 370
7.432407e-04 371
7.131341e-04 372
6.842471e-04 373
6.565303e-04 374
6.299362e-04 375
6.044193e-04 376
5.799361e-04 377
5.564446e-04 378
5.339046e-04 379
5.122777e-04 380
4.915269e-04 381
4.716166e-04 382
4.525128e-04 383
4.341828e-04 384
4.165954e-04 385
3.997203e-04 386
3.835288e-04 387
3.679932e-04 388
3.530869e-04 389
3.387844e-04 390
3.250612e-04 391
3.118940e-04 392
2.992601e-04 393
2.871379e-04 394
2.755068e-04 395
2.643469e-04 396
2.536390e-04 397
2.433648e-04 398
2.335068e-04 399
2.240482e-04 400
2.149726e-04 401
2.062647e-04 402
1.979096e-04 403
1.898928e-04 404
1.822008e-04 405
1.748204e-04 406
1.677390e-04 407
1.609444e-04 408
1.544250e-04 409
1.481697e-04 410
1.421678e-04 411
1.364090e-04 412
1.308835e-04 413
1.255818e-04 414
1.204948e-04 415
1.156139e-04 416
1.109307e-04 417
1.064373e-04 418
1.021258e-04 419
9.798900e-05 420
9.401976e-05 421
9.021130e-05 422
8.655711e-05 423
8.305094e-05 424
7.968679e-05 425
7.645892e-05 426
7.336179e-05 427
7.039012e-05 428
6.753883e-05 429
6.480303e-05 430
6.217805e-05 431
5.965941e-05 432
5.724278e-05 433
5.492405e-05 434
5.269924e-05 435
5.056455e-05 436
4.851633e-05 437
4.655108e-05 438
4.466543e-05 439
4.285617e-05 440
4.112019e-05 441
3.945453e-05 442
3.785635e-05 443
3.632290e-05 444
3.485157e-05 445
3.343983e-05 446
3.208529e-05 447
3.078561e-05 448
2.953857e-05 449
2.834205e-05 450
2.719400e-05 451
2.609245e-05 452
2.503552e-05 453
2.402141e-05 454
2.304837e-05 455
2.211475e-05 456
2.121895e-05 457
2.035943e-05 458
1.953473e-05 459
1.874344e-05 460
1.798420e-05 461
1.725571e-05 462
1.655673e-05 463
1.588607e-05 464
1.524257e-05 465
1.462514e-05 466
1.403272e-05 467
1.346430e-05 468
1.291890e-05 469
1.239559e-05 470
1.189348e-05 471
1.141171e-05 472
1.094946e-05 473
1.050593e-05 474
1.008037e-05 475
9.672040e-06 476
9.280254e-06 477
8.904339e-06 478
8.543650e-06 479
8.197572e-06 480
7.865513e-06 481
7.546905e-06 482
7.241202e-06 483
6.947882e-06 484
6.666444e-06 485
6.396406e-06 486
6.137307e-06 487
5.888703e-06 488
5.650169e-06 489
5.421298e-06 490
5.201697e-06 491
4.990992e-06 492
4.788821e-06 493
4.594841e-06 494
4.408717e-06 495
4.230133e-06 496
4.058783e-06 497
3.894374e-06 498
3.736624e-06 499
3.585265e-06 500
3.440036e-06 501
3.300691e-06 502
3.166990e-06 503
3.038704e-06 504
2.915615e-06 505
2.797512e-06 506
2.684194e-06 507
2.575465e-06 508
2.471140e-06 509
2.371042e-06 510
2.274998e-06 511
2.182845e-06 512
2.094424e-06 513
2.009585e-06 514
1.928183e-06 515
1.850078e-06 516
1.775137e-06 517
1.703231e-06 518
1.634238e-06 519
1.568040e-06 520
1.504524e-06 521
1.443580e-06 522
1.385105e-06 523
1.328998e-06 524
1.275164e-06 525
1.223511e-06 526
1.173951e-06 527
1.126397e-06 528
1.080770e-06 529
1.036992e-06 530
9.949861e-07 531
9.546821e-07 532
9.160108e-07 533
8.789059e-07 534
8.433041e-07 535
8.091443e-07 536
7.763683e-07 537
7.449199e-07 538
7.147454e-07 539
6.857932e-07 540
6.580138e-07 541
6.313596e-07 542
6.057851e-07 543
5.812465e-07 544
5.577020e-07 545
5.351111e-07 546
5.134354e-07 547
4.926376e-07 548
4.726823e-07 549
4.535354e-07 550
4.351640e-07 551
4.175368e-07 552
4.006236e-07 553
3.843956e-07 554
3.688248e-07 555
3.538848e-07 556
3.395500e-07 557
3.257959e-07 558
3.125988e-07 559
2.999364e-07 560
2.877869e-07 561
2.761295e-07 562
2.649443e-07 563
2.542122e-07 564
2.439148e-07 565
2.340345e-07 566
2.245545e-07 567
2.154585e-07 568
2.067309e-07 569
1.983568e-07 570
1.903220e-07 571
1.826126e-07 572
1.752155e-07 573
1.681181e-07 574
1.613081e-07 575
1.547740e-07 576
1.485045e-07 577
1.424891e-07 578
1.367173e-07 579
1.311792e-07 580
1.258656e-07 581
1.207671e-07 582
1.158752e-07 583
1.111814e-07 584
1.066778e-07 585
1.023566e-07 586
9.821046e-08 587
9.423224e-08 588
9.041517e-08 589
8.675272e-08 590
8.323863e-08 591
7.986688e-08 592
7.663171e-08 593
7.352759e-08 594
7.054920e-08 595
6.769147e-08 596
6.494949e-08 597
6.231858e-08 598
5.979423e-08 599
5.737215e-08 600
5.504817e-08 601
5.281834e-08 602
5.067882e-08 603
4.862597e-08 604
4.665628e-08 605
4.476637e-08 606
4.295302e-08 607
4.121312e-08 608
3.954370e-08 609
3.794190e-08 610
3.640499e-08 611
3.493033e-08 612
3.351541e-08 613
3.215780e-08 614
3.085518e-08 615
2.960533e-08 616
2.840611e-08 617
2.725546e-08 618
2.615142e-08 619
2.509210e-08 620
2.407570e-08 621
2.310046e-08 622
2.216473e-08 623
2.126690e-08 624
2.040545e-08 625
1.957888e-08 626
1.878580e-08 627
1.802484e-08 628
1.729471e-08 629
1.659415e-08 630
1.592197e-08 631
1.527702e-08 632
1.465819e-08 633
1.406443e-08 634
1.349473e-08 635
1.294809e-08 636
1.242361e-08 637
1.192036e-08 638
1.143750e-08 639
1.097420e-08 640
1.052967e-08 641
1.010315e-08 642
9.693898e-09 643
9.301227e-09 644
8.924462e-09 645
8.562959e-09 646
8.216099e-09 647
7.883289e-09 648
7.563961e-09 649
7.257567e-09 650
6.963584e-09 651
6.681510e-09 652
6.410862e-09 653
6.151177e-09 654
5.902011e-09 655
5.662938e-09 656
5.433550e-09 657
5.213453e-09 658
5.002271e-09 659
4.799644e-09 660
4.605225e-09 661
4.418681e-09 662
4.239693e-09 663
4.067956e-09 664
3.903175e-09 665
3.745069e-09 666
3.593367e-09 667
3.447811e-09 668
3.308150e-09 669
3.174147e-09 670
3.045572e-09 671
2.922205e-09 672
2.803835e-09 673
2.690260e-09 674
2.581285e-09 675
2.476725e-09 676
2.376400e-09 677
2.280140e-09 678
2.187778e-09 679
2.099157e-09 680
2.014127e-09 681
1.932540e-09 682
1.854259e-09 683
1.779149e-09 684
1.707081e-09 685
1.637932e-09 686
1.571584e-09 687
1.507924e-09 688
1.446842e-09 689
1.388235e-09 690
1.332002e-09 691
1.278046e-09 692
1.226276e-09 693
1.176604e-09 694
1.128943e-09 695
1.083213e-09 696
1.039335e-09 697
9.972347e-10 698
9.568397e-10 699
9.180809e-10 700
8.808922e-10 701
8.452099e-10 702
8.109729e-10 703
7.781229e-10 704
7.466034e-10 705
7.163608e-10 706
6.873431e-10 707
6.595009e-10 708
6.327865e-10 709
6.071541e-10 710
5.825602e-10 711
5.589624e-10 712
5.363205e-10 713
5.145957e-10 714
4.937510e-10 715
4.737506e-10 716
4.545604e-10 717
4.361474e-10 718
4.184804e-10 719
4.015291e-10 720
3.852642e-10 721
3.696583e-10 722
3.546846e-10 723
3.403173e-10 724
3.265321e-10 725
3.133053e-10 726
3.006142e-10 727
2.884372e-10 728
2.767535e-10 729
2.655430e-10 730
2.547867e-10 731
2.444661e-10 732
2.345634e-10 733
2.250620e-10 734
2.159454e-10 735
2.071981e-10 736
1.988051e-10 737
1.907522e-10 738
1.830253e-10 739
1.756115e-10 740
1.684980e-10 741
1.616726e-10 742
1.551238e-10 743
1.488403e-10 744
1.428111e-10 745
1.370262e-10 746
1.314757e-10 747
1.261500e-10 748
1.210401e-10 749
1.161371e-10 750
1.114328e-10 751
1.069189e-10 752
1.025879e-10 753
9.843237e-11 754
9.444523e-11 755
9.061947e-11 756
8.694885e-11 757
8.342677e-11 758
8.004735e-11 759
7.680480e-11 760
7.369377e-11 761
7.070865e-11 762
6.784450e-11 763
6.509634e-11 764
6.245930e-11 765
5.992939e-11 766
5.750182e-11 767
5.517259e-11 768
5.293770e-11 769
5.079340e-11 770
4.873596e-11 771
4.676169e-11 772
4.486756e-11 773
4.305011e-11 774
4.130628e-11 775
3.963301e-11 776
3.802771e-11 777
3.648731e-11 778
3.500935e-11 779
3.359121e-11 780
3.223049e-11 781
3.092491e-11 782
2.967222e-11 783
2.847032e-11 784
2.731692e-11 785
2.621049e-11 786
2.514881e-11 787
2.413008e-11 788
2.315257e-11 789
2.221476e-11 790
2.131503e-11 791
2.045164e-11 792
1.962316e-11 793
1.882822e-11 794
1.806556e-11 795
1.733384e-11 796
1.663167e-11 797
1.595792e-11 798
1.531157e-11 799
1.469134e-11 800
5.602253e+00 802
1.365140e+00 803
7.668542e-01 804
5.929049e-01 805
5.034295e-01 806
4.416957e-01 807
3.939565e-01 808
3.551650e-01 809
3.227756e-01 810
2.952394e-01 811
2.715114e-01 812
2.508426e-01 813
2.326753e-01 814
2.165824e-01 815
2.022297e-01 816
1.893519e-01 817
1.777345e-01 818
1.672026e-01 819
1.576116e-01 820
1.488410e-01 821
1.407897e-01 822
1.333721e-01 823
1.265150e-01 824
1.201563e-01 825
1.142421e-01 826
1.087262e-01 827
1.035686e-01 828
9.873432e-02 829
9.419305e-02 830
8.991824e-02 831
8.588663e-02 832
8.207777e-02 833
7.847363e-02 834
7.505826e-02 835
7.181751e-02 836
6.873878e-02 837
6.581081e-02 838
6.302353e-02 839
6.036784e-02 840
5.783556e-02 841
5.541926e-02 842
5.311218e-02 843
5.090816e-02 844
4.880153e-02 845
4.678712e-02 846
4.486011e-02 847
4.301608e-02 848
4.125090e-02 849
3.956074e-02 850
3.794202e-02 851
3.639138e-02 852
3.490568e-02 853
3.348195e-02 854
3.211741e-02 855
3.080943e-02 856
2.955552e-02 857
2.835332e-02 858
2.720058e-02 859
2.609520e-02 860
2.503514e-02 861
2.401850e-02 862
2.304343e-02 863
2.210819e-02 864
2.121111e-02 865
2.035061e-02 866
1.952517e-02 867
1.873334e-02 868
1.797372e-02 869
1.724500e-02 870
1.654590e-02 871
1.587520e-02 872
1.523174e-02 873
1.461441e-02 874
1.402214e-02 875
1.345390e-02 876
1.290872e-02 877
1.238566e-02 878
1.188381e-02 879
1.140231e-02 880
1.094033e-02 881
1.049708e-02 882
1.007180e-02 883
9.663760e-03 884
9.272257e-03 885
8.896621e-03 886
8.536207e-03 887
8.190399e-03 888
7.858603e-03 889
7.540252e-03 890
7.234800e-03 891
6.941723e-03 892
6.660521e-03 893
6.390711e-03 894
6.131833e-03 895
5.883442e-03 896
5.645115e-03 897
5.416442e-03 898
5.197033e-03 899
4.986512e-03 900
4.784520e-03 901
4.590710e-03 902
4.404752e-03 903
4.226326e-03 904
4.055128e-03 905
3.890866e-03 906
3.733257e-03 907
3.582033e-03 908
3.436934e-03 909
3.297714e-03 910
3.164132e-03 911
3.035962e-03 912
2.912984e-03 913
2.794987e-03 914
2.681770e-03 915
2.573139e-03 916
2.468909e-03 917
2.368901e-03 918
2.272943e-03 919
2.180873e-03 920
2.092532e-03 921
2.007770e-03 922
1.926441e-03 923
1.848406e-03 924
1.773533e-03 925
1.701692e-03 926
1.632762e-03 927
1.566623e-03 928
1.503164e-03 929
1.442275e-03 930
1.383853e-03 931
1.327797e-03 932
1.274012e-03 933
1.222406e-03 934
1.172890e-03 935
1.125379e-03 936
1.079794e-03 937
1.036054e-03 938
9.940869e-04 939
9.538194e-04 940
9.151830e-04 941
8.781117e-04 942
8.425420e-04 943
8.084131e-04 944
7.756667e-04 945
7.442467e-04 946
7.140995e-04 947
6.851735e-04 948
6.574191e-04 949
6.307890e-04 950
6.052376e-04 951
5.807213e-04 952
5.571980e-04 953
5.346275e-04 954
5.129714e-04 955
4.921924e-04 956
4.722552e-04 957
4.531255e-04 958
4.347707e-04 959
4.171595e-04 960
4.002616e-04 961
3.840482e-04 962
3.684915e-04 963
3.535650e-04 964
3.392432e-04 965
3.255014e-04 966
3.123163e-04 967
2.996653e-04 968
2.875268e-04 969
2.758799e-04 970
2.647048e-04 971
2.539824e-04 972
2.436944e-04 973
2.338230e-04 974
2.243516e-04 975
2.152637e-04 976
2.065440e-04 977
1.981776e-04 978
1.901500e-04 979
1.824476e-04 980
1.750572e-04 981
1.679661e-04 982
1.611623e-04 983
1.546341e-04 984
1.483703e-04 985
1.423603e-04 986
1.365937e-04 987
1.310607e-04 988
1.257518e-04 989
1.206580e-04 990
1.157705e-04 991
1.110810e-04 992
1.065814e-04 993
1.022641e-04 994
9.812170e-05 995
9.414708e-05 996
9.033346e-05 997
8.667432e-05 998
8.316340e-05 999
7.979470e-05 1000
7.656246e-05 1001
7.346114e-05 1002
7.048545e-05 1003
6.763029e-05 1004
6.489079e-05 1005
6.226226e-05 1006
5.974020e-05 1007
5.732030e-05 1008
5.499842e-05 1009
5.277060e-05 1010
5.063302e-05 1011
4.858203e-05 1012
4.661411e-05 1013
4.472592e-05 1014
4.291420e-05 1015
4.117588e-05 1016
3.950796e-05 1017
3.790761e-05 1018
3.637209e-05 1019
3.489876e-05 1020
3.348512e-05 1021
3.212874e-05 1022
3.082730e-05 1023
2.957857e-05 1024
2.838043e-05 1025
2.723083e-05 1026
2.612779e-05 1027
2.506943e-05 1028
2.405394e-05 1029
2.307959e-05 1030
2.214470e-05 1031
2.124768e-05 1032
2.038700e-05 1033
1.956119e-05 1034
1.876882e-05 1035
1.800855e-05 1036
1.727908e-05 1037
1.657916e-05 1038
1.590758e-05 1039
1.526321e-05 1040
1.464495e-05 1041
1.405172e-05 1042
1.348253e-05 1043
1.293639e-05 1044
1.241238e-05 1045
1.190959e-05 1046
1.142717e-05 1047
1.096429e-05 1048
1.052016e-05 1049
1.009402e-05 1050
9.685138e-06 1051
9.292821e-06 1052
8.916397e-06 1053
8.555220e-06 1054
8.208674e-06 1055
7.876165e-06 1056
7.557125e-06 1057
7.251008e-06 1058
6.957291e-06 1059
6.675472e-06 1060
6.405069e-06 1061
6.145618e-06 1062
5.896678e-06 1063
5.657821e-06 1064
5.428639e-06 1065
5.208741e-06 1066
4.997751e-06 1067
4.795307e-06 1068
4.601063e-06 1069
4.414688e-06 1070
4.235862e-06 1071
4.064280e-06 1072
3.899648e-06 1073
3.741684e-06 1074
3.590120e-06 1075
3.444695e-06 1076
3.305161e-06 1077
3.171278e-06 1078
3.042819e-06 1079
2.919564e-06 1080
2.801301e-06 1081
2.687828e-06 1082
2.578953e-06 1083
2.474487e-06 1084
2.374253e-06 1085
2.278079e-06 1086
2.185801e-06 1087
2.097260e-06 1088
2.012307e-06 1089
1.930794e-06 1090
1.852583e-06 1091
1.777541e-06 1092
1.705538e-06 1093
1.636452e-06 1094
1.570164e-06 1095
1.506561e-06 1096
1.445535e-06 1097
1.386980e-06 1098
1.330798e-06 1099
1.276891e-06 1100
1.225168e-06 1101
1.175540e-06 1102
1.127923e-06 1103
1.082234e-06 1104
1.038396e-06 1105
9.963335e-07 1106
9.559750e-07 1107
9.172513e-07 1108
8.800961e-07 1109
8.444461e-07 1110
8.102401e-07 1111
7.774197e-07 1112
7.459287e-07 1113
7.157133e-07 1114
6.867219e-07 1115
6.589049e-07 1116
6.322146e-07 1117
6.066055e-07 1118
5.820337e-07 1119
5.584572e-07 1120
5.358358e-07 1121
5.141307e-07 1122
4.933048e-07 1123
4.733224e-07 1124
4.541496e-07 1125
4.357533e-07 1126
4.181022e-07 1127
4.011662e-07 1128
3.849161e-07 1129
3.693243e-07 1130
3.543641e-07 1131
3.400098e-07 1132
3.262371e-07 1133
3.130222e-07 1134
3.003426e-07 1135
2.881766e-07 1136
2.765034e-07 1137
2.653031e-07 1138
2.545564e-07 1139
2.442451e-07 1140
2.343515e-07 1141
2.248586e-07 1142
2.157502e-07 1143
2.070108e-07 1144
1.986254e-07 1145
1.905797e-07 1146
1.828599e-07 1147
1.754528e-07 1148
1.683457e-07 1149
1.615265e-07 1150
1.549836e-07 1151
1.487056e-07 1152
1.426820e-07 1153
1.369024e-07 1154
1.313569e-07 1155
1.260360e-07 1156
1.209307e-07 1157
1.160321e-07 1158
1.113320e-07 1159
1.068223e-07 1160
1.024952e-07 1161
9.834345e-08 1162
9.435985e-08 1163
9.053762e-08 1164
8.687021e-08 1165
8.335135e-08 1166
7.997504e-08 1167
7.673549e-08 1168
7.362716e-08 1169
7.064474e-08 1170
6.778313e-08 1171
6.503744e-08 1172
6.240297e-08 1173
5.987521e-08 1174
5.744984e-08 1175
5.512272e-08 1176
5.288986e-08 1177
5.074745e-08 1178
4.869182e-08 1179
4.671946e-08 1180
4.482700e-08 1181
4.301119e-08 1182
4.126893e-08 1183
3.959725e-08 1184
3.799328e-08 1185
3.645429e-08 1186
3.497763e-08 1187
3.356079e-08 1188
3.220135e-08 1189
3.089696e-08 1190
2.964542e-08 1191
2.844457e-08 1192
2.729237e-08 1193
2.618684e-08 1194
2.512608e-08 1195
2.410830e-08 1196
2.313175e-08 1197
2.219475e-08 1198
2.129570e-08 1199
2.043308e-08 1200
1.960540e-08 1201
1.881124e-08 1202
1.804925e-08 1203
1.731813e-08 1204
1.661662e-08 1205
1.594353e-08 1206
1.529771e-08 1207
1.467804e-08 1208
1.408348e-08 1209
1.351300e-08 1210
1.296563e-08 1211
1.244043e-08 1212
1.193651e-08 1213
1.145299e-08 1214
1.098907e-08 1215
1.054393e-08 1216
1.011683e-08 1217
9.707026e-09 1218
9.313823e-09 1219
8.936548e-09 1220
8.574555e-09 1221
8.227225e-09 1222
7.893965e-09 1223
7.574204e-09 1224
7.267395e-09 1225
6.973015e-09 1226
6.690559e-09 1227
6.419544e-09 1228
6.159507e-09 1229
5.910004e-09 1230
5.670607e-09 1231
5.440908e-09 1232
5.220513e-09 1233
5.009045e-09 1234
4.806144e-09 1235
4.611461e-09 1236
4.424664e-09 1237
4.245435e-09 1238
4.073464e-09 1239
3.908461e-09 1240
3.750141e-09 1241
3.598234e-09 1242
3.452480e-09 1243
3.312630e-09 1244
3.178445e-09 1245
3.049696e-09 1246
2.926162e-09 1247
2.807632e-09 1248
2.693903e-09 1249
2.584781e-09 1250
2.480079e-09 1251
2.379619e-09 1252
2.283227e-09 1253
2.190740e-09 1254
2.102000e-09 1255
2.016854e-09 1256
1.935158e-09 1257
1.856770e-09 1258
1.781558e-09 1259
1.709392e-09 1260
1.640150e-09 1261
1.573712e-09 1262
1.509966e-09 1263
1.448801e-09 1264
1.390115e-09 1265
1.333806e-09 1266
1.279777e-09 1267
1.227937e-09 1268
1.178197e-09 1269
1.130472e-09 1270
1.084680e-09 1271
1.040742e-09 1272
9.985849e-10 1273
9.581353e-10 1274
9.193244e-10 1275
8.820850e-10 1276
8.463544e-10 1277
8.120713e-10 1278
7.791765e-10 1279
7.476146e-10 1280
7.173308e-10 1281
6.882740e-10 1282
6.603940e-10 1283
6.336435e-10 1284
6.079764e-10 1285
5.833490e-10 1286
5.597195e-10 1287
5.370467e-10 1288
5.152926e-10 1289
4.944197e-10 1290
4.743922e-10 1291
4.551760e-10 1292
4.367382e-10 1293
4.190471e-10 1294
4.020726e-10 1295
3.857861e-10 1296
3.701590e-10 1297
3.551649e-10 1298
3.407781e-10 1299
3.269744e-10 1300
3.137293e-10 1301
3.010213e-10 1302
2.888281e-10 1303
2.771285e-10 1304
2.659030e-10 1305
2.551320e-10 1306
2.447969e-10 1307
2.348811e-10 1308
2.253668e-10 1309
2.162380e-10 1310
2.074788e-10 1311
1.990743e-10 1312
1.910104e-10 1313
1.832733e-10 1314
1.758495e-10 1315
1.687263e-10 1316
1.618917e-10 1317
1.553339e-10 1318
1.490415e-10 1319
1.430045e-10 1320
1.372117e-10 1321
1.316537e-10 1322
1.263209e-10 1323
1.212039e-10 1324
1.162943e-10 1325
1.115834e-10 1326
1.070638e-10 1327
1.027267e-10 1328
9.856565e-11 1329
9.457320e-11 1330
9.074227e-11 1331
8.706651e-11 1332
8.353994e-11 1333
8.015576e-11 1334
7.690905e-11 1335
7.379343e-11 1336
7.080408e-11 1337
6.793655e-11 1338
6.518437e-11 1339
6.254396e-11 1340
6.001046e-11 1341
5.757948e-11 1342
5.524746e-11 1343
5.300935e-11 1344
5.086202e-11 1345
4.880204e-11 1346
4.682503e-11 1347
4.492852e-11 1348
4.310834e-11 1349
4.136228e-11 1350
3.968675e-11 1351
3.807918e-11 1352
3.653667e-11 1353
3.505653e-11 1354
3.363672e-11 1355
3.227414e-11 1356
3.096672e-11 1357
2.971255e-11 1358
2.850884e-11 1359
2.735395e-11 1360
2.624597e-11 1361
2.518272e-11 1362
2.416255e-11 1363
2.318406e-11 1364
2.224482e-11 1365
2.134387e-11 1366
2.047922e-11 1367
1.964972e-11 1368
1.885365e-11 1369
1.808999e-11 1370
1.735720e-11 1371
1.665412e-11 1372
1.597932e-11 1373
1.533235e-11 1374
1.471138e-11 1375
1.411530e-11 1376
1.354377e-11 1377
1.299482e-11 1378
1.246864e-11 1379
1.196349e-11 1380
1.147918e-11 1381
1.101390e-11 1382
1.056757e-11 1383
1.013979e-11 1384
9.729060e-12 1385
9.334716e-12 1386
8.956678e-12 1387
8.593943e-12 1388
8.245937e-12 1389
7.911817e-12 1390
7.591715e-12 1391
7.283703e-12 1392
6.988876e-12 1393
6.705659e-12 1394
6.434152e-12 1395
6.173422e-12 1396
5.923144e-12 1397
5.683445e-12 1398
5.453097e-12 1399
5.232482e-12 1400
5.020455e-12 1401
4.816857e-12 1402
4.621637e-12 1403
4.434750e-12 1404
4.255053e-12 1405
4.082574e-12 1406
3.917044e-12 1407
3.758519e-12 1408
3.606383e-12 1409
3.460385e-12 1410
3.320011e-12 1411
3.185729e-12 1412
3.056478e-12 1413
2.932787e-12 1414
2.813952e-12 1415
2.699895e-12 1416
2.590467e-12 1417
2.485909e-12 1418
2.384876e-12 1419
2.288416e-12 1420
2.195770e-12 1421
2.106644e-12 1422
2.021416e-12 1423
1.939449e-12 1424
1.861099e-12 1425
1.785721e-12 1426
1.713193e-12 1427
1.643682e-12 1428
1.577240e-12 1429
1.513597e-12 1430
1.452005e-12 1431
1.393373e-12 1432
1.337041e-12 1433
1.282387e-12 1434
1.230669e-12 1435
1.180667e-12 1436
1.133093e-12 1437
1.087013e-12 1438
1.043090e-12 1439
1.000941e-12 1440
9.606313e-13 1441
9.213472e-13 1442
8.841776e-13 1443
8.481826e-13 1444
8.137297e-13 1445
7.810543e-13 1446
7.494878e-13 1447
7.189417e-13 1448
6.899453e-13 1449
6.621180e-13 1450
6.349611e-13 1451
6.092619e-13 1452
5.846402e-13 1453
5.611583e-13 1454
5.383300e-13 1455
5.165016e-13 1456
4.954290e-13 1457
4.754664e-13 1458
4.561268e-13 1459
4.375538e-13 1460
4.200050e-13 1461
4.028018e-13 1462
3.864196e-13 1463
3.709598e-13 1464
3.560374e-13 1465
3.416023e-13 1466
3.277033e-13 1467
3.144705e-13 1468
3.016620e-13 1469
2.895594e-13 1470
2.778480e-13 1471
2.664743e-13 1472
2.557376e-13 1473
2.452865e-13 1474
2.352075e-13 1475
2.257240e-13 1476
2.167538e-13 1477
2.077505e-13 1478
1.994933e-13 1479
1.914689e-13 1480
1.838526e-13 1481
1.761710e-13 1482
1.693580e-13 1483
1.620579e-13 1484
1.557824e-13 1485
1.494101e-13 1486
1.430746e-13 1487
1.375882e-13 1488
1.321071e-13 1489
1.265688e-13 1490
1.217104e-13 1491
1.165137e-13 1492
1.118815e-13 1493
1.072132e-13 1494
1.029591e-13 1495
9.902441e-14 1496
